[ 0  4  0  0  2  0  0  0  0  0  0  0  0  0  0  3  0  0  4  0  0  0  3  0  0
  1  0  2  1  0  0  0  3  0  0  0  0  0  1  1  0  0  0  0  0  0  0  0  0  0
  0  2  0  0  2  0  0  1  0  0  0  0  0  0  0  0  0  0  0  0  1  0  1  0  0
  0  0  1  1  0  1  0  0  0  0  0  0  1  0  0  0  0  0  1  1  0  2  0  0  0
  5  3  0  0  0  1  1  0  0  0  0  0  0  0  2  1  0  0  0  0  1  0  0  2  0
  0  1  0  0  0  0  0  0  0  0  0  0  0  0  0  1  0  1  0  0  3  1  0  1  1
  0  0  0  0  0  1  1  1  0  0  0  0  4  0  0  0  0  0  0  0  0  0  3  0  0
  0  0  0  0  0  0  0  0  0  0  0  0  0  2  1  0  0  4  0  0  0  0  0  0  0
  2  0  0  0  1  0  0  0  0  1  1  0  1  0  0  0  0  0  0  0  0  0  0  0  0
  0  0  0  0  0  0  1  0  0  0  0  0  0  2  1  0  0  0  0  0  0  0  1  1  0
  0  0  0  1  0  0  0  0  0  1  0  0  0  0  3  0  0  0  0  4  0  2  1  2  0
  0  1  0  0  0  0  0  0  0  0  0  0  0  0  0  0  2  0  1  0  0  0  0  4  0
  0  0  0  0  0  1  0  0  0  0  0  0  1  0  0  0  0  0  0  2  0  0  0  0  0
  1  0  0  0  0  3  0  1  1  0  1  0  0  0  0  4  1  0  3  0  0  0  0  0  0
  0  0  2  0  0  0  0  0  0  0  0  3  0  0  0  0  2  0  0  1  0  0  0  1  0
  0  2  3  0  0  0  0  0  0  0  0  0  0  0  0  0  1  1  0  0  0  0  0  4  0
  0  1  0  2  0  0  0  1  0  0  0  1  0  0  0  0  0  0  0  1  0  0  0  0  0
  1  0  1  0  0  0  0  0  0  0  0  0  0  0  0  0  0  0  0  1  0  0  0  0  0
  0  0  0  1  0  2  0  0  1  0  0  0  0  0  0  0  0  0  0  5  1  2  0  0  0
  0  1  0  1  0  0  0  0  0  0  0  0  3  0  0  0  1  0  1  1  0  0  0  0  0
  0  0  0  0  0  0  1  0  0  1  0  0  1  0  0  0  0  0  0  0  0  0  0  0  1
  0  0  0  1  0  0  0  0  0  0  1  0  0  0  0  0  0  1  0  0  0  0  2  1  0
  0  0  0  0  0  0  0  0  0  0  1  0  0  0  1  0  0  0  0  0  0  0  0  0  0
  0  0  1  0  0  0  0  3  0  0  1  1  2  3  1  0  0  2  0  4  0  0  0  1  0
  0  0  0  1  1  0  0  3  0  0  0  1  0  0  3  0  0  0  0  0  0  0  0  0  0
  0  1  1  0  0  3  0  0  0  0  0  0  0  0  0  0  0  1  0  4  0  0  0  2  0
  1  1  0  0  1  1  1  0  2  0  6  1  0  0  0  0  0  0  0  0  0  1  0  0  0
  0  1  0  0  1  2  0  0  0  0  0  1  0  0  0  0  0  0  0  0  0  0  0  1  2
  0  0  3  1  0  0  0  0  0  0  0  0  0  0  0  0  2  1  0  0  0  2  0  1  0
  0  0  1  0  0  0  0  0  1  0  0  0  0  0  0  0  0  1  0  0  0  0  0  0  0
  1  1  0  0  0  0  2  0  0  0  0  1  1  1  0  0  0  0  0  0  0  0  0  0  0
  0  0  2  0  0  0  0  1  0  0  0  0  0  0  0  0  3  0  0  5  1  0  1  1  0
  0  0  0  0  3  1  0  4  0  0  1  0  0  0  0  1  0  0  0  0  0  0  0  0  0
  0  0  0  1  1  0  5  1  0  0  0  0  0  0  0  1  0  1  0  0  0  0  0  2  0
  0  0  0  0  2  0  0  0  0  0  0  1  0  0  0  0  1  0  0  0  0  0  0  0  0
  3  0  1  0  1  1  0  0  0  0  0  0  1  5  0  1  0  0  0  0  0  0  2  4  0
  0  0  0  0  0  0  0  1  1  0  0  0  0  0  0  0  1  0  1  0  1  0  1  0  0
  0  0  1  0  0  0  0  0  0  0  0  0  0  0  0  4  0  0  0  0  0  0  0  0  0
  0  0  0  0  1  0  0  1  0  0  0  0  0  0  0  0  0  3  0  0  0  0  0  1  0
  0  0  0  0  0  0  1  0  0  0  0  4  1  1  0  0  3  0  3  0  1  0  0  0  0
  0  0  1  0  0  0  0  0  0  0  0  0  0  2  0  1  0  2  2  0  0  1  0  0  0
  0  2  0  0  0  0  0  1  0  0  0  1  3  0  0  0  1  0  0  0  0  0  0  0  0
  0  1  1  0  0  0  0  1  0  0  0  0  0  0  0  2  1  0  0  0  0  0  0  0  0
  2  0  0  0  0  0  0  1  0  0  0  0  0  1  0  0  0  0  1  0  0  0  0  1  1
  2  0  3  0  1  0  0  7  0  1  0  1  0  0  2  0  0  0  0  0  0  0  1  1  0
  0  1  0  0  0  0  2  2  0  0  0  0  0  0  0  0  0  0  3  0  0  0  0  0  0
  0  1  1  1  0  0  0  1  0  0  0  2  1  0  0  0  0  0  3  1  0  0  1  0  0
  0  0  2  0  0  0  0  0  0  0  0  0  2  0  0  1  0  0  0  0  0  0  0  0  1
  1  1  1  0  0  0  0  0  0  0  0  0  0  0  1  0  0  3  0  0  0  0  0  0  0
  1  0  0  2  2  2  0  1  1  0  0  0  0  0  1  0  1  1  0  0  1  0  0  0  0
  0  0  0  0  0  0  0  0  2  0  0  0  0  0  0  0  3  0  0  0  0  0  0  1  0
  1  0  0  0  0  0  0  0  0  0  0  0  0  0  0  0  0  0  0  0  0  0  1  0  0
  0  0  0  0  1  0  0  0  0  0  2  0  0  0  0  0  1  0  0  0  1  1  0  0  0
  5  0  1  0  0  0  0  0  2  0  0  0  0  1  0  0  1  0  1  0  0  2  0  0  2
  0  0  0  0  0  0  0  0  3  0  2  2  0  0  3  0  0  1  0  0  0  0  5  0  0
  9  0  0  0  1  0  0  0  0  0  0  0  8  2  0  0  0  0  0  0  0  0  1  0  0
  0  0  0  0  0  1  0  0  0  0  0  0  0  0  0  0  0  0  0  0  0  0  0  0  0
  0  0  0  0  0  0  0  0  0  1  0  0  0  0  0  1  5  0  0  0  1  0  0  0  0
  0  0  0  0  0  0  0  0  0  0  0  0  0  0  0  0  3  0  1  1  0  0  1  0  0
  1  0  0  0  0  0  0  0  3  0  1  0 11  0  0  0  0  0  0  0  1  1  0  0  0
  1  0  0  0  0  0  0  0  0  0  1  0  2  0  0  0  0  0  0  0  0  0  0  0  0
  0  0  0  0  0  0  0  0  0  3  0  0  0  0  1  0  0  1  0  1  0  0  0  0  0
  0  0  0  0  0  0  0  0  0  0  0  0  0  0  2  0  0  2  0  0  0  0  0  0  2
  0  2  2  1  0  0  0  0  0  0  0  0  0  0  1  0  1  2  2  0  1  0  8  0  2
  0  0  0  2  0  0  1  0  0  0  2  0  0  0  1  0  0  0  0  0  0  0  0  0  0
  0  0  0  0  1  0  2  0  0  1  0  0  0  1  0  0  2  0  2  0  0  0  0  3  0
  0  0  0  1  1  0  0  0  0  0  0  1  1  0  0  0  0  0  0  1  0  0  0  1  0
  0  5  0  0  0  0  1  0  0  2  0  0  0  0  0  0  1  0  0  0  0  0  0  0  0
  0  0  0  0  0  0  0  1  0  0  1  0  1  0  0  0  0  0  0  0  0  0  0  0  0
  0  0  0  0  0  0  0  0  0  0  0  0  0  0  0  0  0  0  0  0  1  0  2  0  0
  0  0  0  0  0  0  1  0  1  0  0  0  3  2  0  0  0  2  0  1  0  0  0  0  0
  0  0  2  1  0  0  0  0  2  0  0  0  0  0  2  0  0  3  0  0  0  0  0  1  0
  0  0  0  1  0  0  0  0  0  2  0  0  0  0  0  0  2  2  0  1  0  0  0  0  0
  0  0  0  0  0  0  0  1  0  0  0  0  2  0  1  0  0  0  0  0  0  0  2  0  0
  0  0  0  0  0  0  0  0  0  0  0  0  0  0  1  0  3  3  1  0  0  0  0  0  0
  0  0  0  0  5  0  0  0  0  0  0  0  0  0  0  0  1  0  1  0  0  0  0  0  0
  0  0  3  0  0  0  0  0  0  0  1  0  0  1  0  0  1  0  0  4  0  0  0  0  0
  1  2  1  0  1  0  0  1  0  0  0  0  0  0  0  0  0  0  0  0  0  0  0  0  2
  0  0  1  0  0  0  1  0  0  0  0  0  0  0  0  0  1  2  0  0  0  0  0  0  0
  0  0  0  0  0  1  2  0  0  1  0  0  0  6  0  0  0  0  0  0  0  0  0  0  0][      0.       0.       0.       0.       0.       0.       0.       0.
       0.       0.       0.       0.       0.       0.       0.       0.
       0.       0.       0.       0.       0.       0.       0.       0.
       0.       0.       0.       0.       0.       0.       0.       0.
       0.       0.       0.       0.       0.       0.       0.       0.
       0.       0.       0.       0.       0.       0.       0.       0.
       0.       0.       0.       0.       0.       0.       0.       0.
       0.       0.       0.       0.       0.       0.       0.       0.
       0.   27600.       0.       0.       0.       0.       0.       0.
       0.       0.       0.       0.       0.       0.       0.       0.
       0.       0.       0.       0.       0.       0.       0.       0.
       0.       0.       0.       0.       0.       0.       0.       0.
       0.       0.       0.       0.       0.       0.       0.   27600.
       0.       0.       0.       0.       0.       0.       0.       0.
       0.       0.       0.       0.       0.       0.       0.       0.
       0.       0.       0.       0.       0.       0.       0.       0.
       0.       0.       0.       0.       0.       0.       0.       0.
       0.       0.       0.       0.       0.       0.       0.       0.
       0.       0.       0.       0.       0.       0.       0.       0.
       0.       0.       0.       0.       0.       0.   27600.       0.
       0.       0.       0.       0.       0.       0.       0.       0.
       0.       0.       0.       0.       0.       0.       0.       0.
   27600.       0.       0.       0.       0.       0.       0.       0.
       0.       0.       0.       0.       0.       0.       0.       0.
       0.       0.       0.       0.       0.       0.       0.       0.
       0.       0.       0.       0.       0.       0.       0.       0.
       0.       0.       0.       0.       0.       0.       0.       0.
       0.       0.       0.       0.       0.       0.       0.       0.
       0.       0.  160650.       0.       0.       0.       0.       0.
       0.       0.       0.       0.       0.       0.       0.       0.
       0.       0.       0.       0.       0.       0.       0.       0.
       0.       0.       0.   27600.       0.       0.       0.       0.
       0.       0.       0.       0.       0.       0.       0.       0.
       0.       0.       0.       0.   27600.       0.       0.       0.
       0.       0.       0.       0.       0.       0.       0.       0.
       0.       0.       0.       0.       0.       0.       0.       0.
       0.       0.       0.       0.       0.       0.       0.       0.
       0.       0.       0.       0.       0.       0.       0.       0.
   27600.       0.       0.       0.       0.       0.       0.       0.
       0.       0.       0.       0.       0.       0.       0.       0.
       0.       0.       0.       0.       0.       0.       0.       0.
       0.       0.       0.       0.       0.       0.       0.       0.
       0.       0.       0.       0.       0.       0.       0.       0.
       0.       0.       0.       0.       0.       0.       0.       0.
       0.       0.       0.       0.       0.       0.       0.   27600.
       0.       0.       0.       0.       0.       0.       0.       0.
       0.       0.       0.       0.       0.       0.       0.       0.
   27600.       0.       0.       0.       0.       0.       0.       0.
       0.       0.       0.       0.       0.       0.       0.       0.
       0.       0.       0.       0.       0.       0.       0.       0.
       0.       0.       0.       0.       0.       0.       0.       0.
       0.       0.   27600.       0.       0.       0.       0.       0.
       0.       0.       0.       0.       0.       0.       0.       0.
   27600.       0.       0.       0.       0.       0.       0.       0.
       0.       0.       0.       0.       0.       0.       0.       0.
       0.       0.       0.       0.       0.       0.       0.       0.
       0.       0.       0.       0.       0.       0.       0.       0.
       0.       0.       0.       0.       0.       0.       0.       0.
       0.       0.       0.       0.       0.       0.       0.       0.
       0.       0.       0.       0.       0.  160650.       0.       0.
       0.       0.       0.       0.       0.       0.       0.       0.
       0.       0.       0.       0.       0.       0.       0.       0.
       0.       0.       0.       0.       0.       0.       0.       0.
       0.       0.       0.       0.       0.       0.       0.       0.
       0.       0.       0.       0.       0.       0.  160650.       0.
       0.       0.       0.       0.       0.       0.       0.       0.
       0.       0.       0.       0.       0.       0.       0.       0.
       0.       0.       0.       0.       0.       0.       0.       0.
       0.       0.       0.       0.       0.       0.       0.       0.
       0.       0.       0.       0.       0.       0.       0.       0.
       0.       0.       0.       0.       0.       0.       0.       0.
       0.       0.       0.       0.       0.       0.       0.       0.
       0.       0.       0.       0.       0.       0.       0.       0.
       0.       0.       0.       0.       0.       0.       0.       0.
       0.       0.       0.       0.       0.       0.       0.       0.
       0.       0.       0.       0.       0.       0.       0.       0.
       0.       0.       0.       0.       0.       0.       0.       0.
       0.       0.       0.       0.       0.       0.       0.       0.
       0.       0.       0.       0.       0.       0.       0.       0.
       0.       0.       0.       0.       0.       0.       0.       0.
       0.       0.       0.       0.       0.       0.       0.       0.
       0.       0.       0.       0.       0.  160650.       0.       0.
       0.       0.       0.       0.   27600.       0.       0.       0.
       0.       0.       0.   27600.       0.       0.       0.       0.
       0.       0.       0.       0.       0.       0.       0.       0.
       0.       0.       0.       0.       0.       0.       0.       0.
       0.       0.       0.       0.       0.       0.       0.       0.
       0.       0.       0.       0.       0.       0.       0.       0.
       0.       0.       0.       0.       0.       0.       0.       0.
       0.       0.       0.   27600.       0.       0.       0.       0.
       0.       0.       0.       0.       0.       0.       0.       0.
       0.       0.       0.       0.       0.       0.       0.       0.
       0.       0.       0.       0.       0.       0.       0.       0.
       0.       0.       0.       0.       0.       0.       0.       0.
       0.       0.       0.       0.       0.       0.       0.       0.
       0.       0.       0.       0.       0.       0.       0.       0.
       0.       0.       0.       0.       0.       0.       0.       0.
       0.       0.       0.       0.       0.       0.       0.       0.
       0.       0.       0.       0.       0.       0.       0.       0.
       0.       0.       0.       0.       0.       0.       0.       0.
       0.       0.       0.       0.       0.       0.       0.       0.
       0.       0.       0.       0.       0.       0.       0.       0.
       0.       0.       0.       0.       0.       0.       0.       0.
       0.       0.       0.       0.       0.       0.       0.       0.
       0.       0.       0.       0.   27600.       0.       0.       0.
       0.   27600.       0.       0.       0.       0.       0.       0.
       0.       0.       0.       0.       0.       0.       0.       0.
       0.       0.       0.       0.   27600.       0.       0.   27600.
       0.       0.       0.       0.       0.       0.       0.       0.
       0.       0.       0.       0.       0.       0.       0.       0.
       0.       0.       0.       0.       0.       0.       0.       0.
       0.       0.       0.       0.       0.       0.       0.       0.
       0.       0.       0.       0.       0.       0.       0.       0.
       0.       0.       0.       0.       0.       0.       0.       0.
       0.   27600.       0.       0.       0.       0.       0.       0.
       0.       0.       0.       0.       0.       0.       0.       0.
       0.       0.       0.       0.       0.       0.       0.       0.
       0.       0.       0.       0.       0.       0.       0.       0.
       0.       0.       0.       0.       0.  200000.       0.       0.
       0.       0.       0.       0.       0.       0.       0.       0.
       0.   27600.       0.       0.       0.       0.       0.       0.
       0.       0.       0.       0.       0.       0.       0.       0.
       0.       0.       0.       0.       0.       0.       0.  160650.
       0.       0.       0.       0.       0.       0.       0.       0.
       0.       0.       0.       0.       0.       0.  160650.       0.][     0.              0.              0.              0.              0.
      0.              0.              0.              0.              0.
   3427.06350553      0.              0.              0.              0.
      0.              0.              0.              0.              0.
      0.              0.              0.              0.              0.
      0.              0.              0.              0.              0.
      0.              0.              0.              0.           3396.48275244
      0.              0.              0.              0.              0.
      0.              0.              0.              0.              0.
   3435.44645551      0.              0.              0.              0.
      0.              0.              0.              0.              0.
   3378.71258963      0.              0.              0.              0.
      0.              0.              0.              0.              0.
      0.              0.              0.              0.           3487.34335971
      0.              0.              0.              0.              0.
      0.              0.              0.              0.              0.
      0.              0.              0.              0.              0.
      0.              0.              0.              0.              0.
      0.              0.              0.              0.              0.
      0.              0.              0.              0.              0.
      0.              0.              0.              0.              0.
      0.              0.              0.              0.              0.
      0.              0.              0.              0.              0.
      0.              0.              0.              0.              0.
      0.              0.              0.              0.              0.
   3388.01723168      0.              0.           3454.92510247      0.
      0.              0.              0.              0.              0.
      0.              0.              0.              0.              0.
      0.              0.              0.              0.              0.
      0.              0.              0.              0.              0.
      0.              0.              0.              0.              0.
      0.              0.              0.              0.              0.
      0.              0.              0.              0.              0.
      0.              0.              0.              0.              0.
      0.              0.              0.              0.              0.
      0.              0.              0.              0.              0.
      0.              0.              0.              0.              0.
      0.              0.              0.              0.              0.
      0.              0.              0.              0.              0.
      0.              0.              0.              0.              0.
      0.              0.              0.              0.              0.
      0.              0.              0.              0.              0.
      0.              0.          11831.05090564      0.              0.
      0.              0.              0.              0.              0.
      0.              0.              0.              0.              0.
      0.              0.           3411.12943392      0.              0.
      0.              0.              0.              0.              0.
      0.              0.              0.              0.              0.
      0.              0.              0.              0.              0.
      0.              0.              0.              0.              0.
      0.              0.              0.              0.              0.
      0.              0.              0.              0.              0.
      0.              0.              0.              0.              0.
      0.              0.              0.              0.              0.
      0.              0.              0.           3418.95144597      0.
      0.              0.           7602.67600323      0.              0.
      0.           7588.97833679      0.              0.              0.
      0.              0.              0.              0.              0.
      0.              0.              0.              0.              0.
      0.              0.              0.              0.              0.
      0.              0.              0.              0.              0.
      0.              0.              0.              0.              0.
      0.              0.              0.              0.              0.
      0.              0.              0.              0.              0.
      0.              0.              0.              0.              0.
      0.              0.              0.              0.              0.
      0.              0.              0.           3330.16855134      0.
      0.              0.              0.              0.              0.
      0.              0.              0.              0.              0.
      0.              0.              0.              0.              0.
      0.              0.              0.              0.              0.
      0.              0.              0.              0.              0.
      0.              0.              0.              0.              0.
      0.              0.              0.              0.              0.
      0.              0.              0.              0.              0.
      0.              0.              0.              0.              0.
      0.              0.              0.              0.              0.
      0.              0.              0.              0.              0.
      0.              0.           3385.33816859      0.              0.
      0.           3408.56836528   3353.7804316       0.              0.
      0.              0.              0.              0.              0.
      0.              0.              0.              0.           3471.23198097
      0.              0.              0.              0.              0.
      0.              0.              0.              0.              0.
      0.              0.              0.              0.              0.
      0.              0.              0.              0.              0.
      0.              0.              0.              0.              0.
      0.              0.              0.              0.              0.
   3353.11883719      0.              0.              0.              0.
      0.              0.              0.              0.           3396.14690576
      0.              0.              0.              0.              0.
      0.              0.              0.              0.              0.
   3493.46663294      0.              0.              0.              0.
      0.              0.              0.              0.              0.
      0.              0.              0.              0.              0.
      0.              0.              0.              0.              0.
      0.              0.           3438.4024407       0.              0.
      0.              0.           3409.83101379      0.              0.
      0.              0.              0.              0.              0.
      0.              0.              0.              0.           3373.9058025
      0.              0.              0.              0.              0.
      0.              0.              0.              0.              0.
      0.              0.              0.              0.              0.
      0.              0.              0.              0.              0.
      0.              0.              0.              0.              0.
      0.              0.              0.              0.              0.
      0.              0.              0.           3441.74078277      0.
      0.              0.              0.              0.              0.
      0.              0.              0.              0.              0.
      0.              0.              0.              0.              0.
      0.              0.              0.              0.              0.
      0.              0.              0.              0.              0.
   3416.72871039      0.              0.              0.              0.
      0.              0.              0.              0.              0.
      0.              0.              0.              0.              0.
      0.              0.              0.              0.              0.
      0.           3402.09265061   3381.49138459   3353.0933567       0.
      0.           3450.99260808      0.              0.              0.
      0.              0.              0.              0.            517.00226054
    489.73320788      0.              0.              0.              0.
      0.              0.              0.              0.              0.
      0.              0.              0.              0.              0.
      0.              0.              0.              0.              0.
      0.              0.              0.           3378.38492844      0.
      0.              0.              0.              0.              0.
      0.              0.              0.              0.              0.
      0.              0.              0.              0.              0.
      0.              0.              0.              0.              0.
      0.              0.              0.              0.              0.
      0.              0.              0.              0.              0.
      0.              0.              0.              0.              0.
      0.              0.              0.           3403.93691326      0.
      0.              0.              0.              0.           3402.89702562
      0.              0.              0.              0.              0.
      0.              0.              0.              0.              0.
      0.              0.           3373.89889696      0.              0.
      0.              0.              0.              0.              0.
      0.              0.              0.              0.              0.
      0.              0.              0.              0.              0.
      0.              0.              0.              0.              0.
      0.              0.              0.              0.              0.
      0.              0.              0.              0.              0.
  12075.14619631   3365.52527492      0.              0.              0.
      0.              0.              0.              0.              0.
      0.              0.              0.              0.              0.
   3380.61073025      0.              0.              0.              0.
      0.              0.              0.              0.              0.
      0.              0.              0.              0.              0.
      0.              0.              0.              0.              0.
      0.              0.           3443.45978696      0.              0.
      0.              0.              0.              0.              0.
      0.              0.            109.78213083      0.              0.
      0.              0.              0.              0.              0.
      0.            529.990554        0.              0.              0.
   3424.17871855   3409.74016739      0.              0.              0.
      0.              0.              0.              0.              0.
      0.              0.              0.              0.              0.
      0.              0.              0.              0.              0.
      0.              0.              0.              0.              0.
      0.              0.              0.              0.              0.
      0.              0.              0.              0.              0.
      0.              0.              0.              0.              0.
      0.              0.              0.              0.              0.
   3332.09380735      0.              0.              0.              0.
      0.              0.              0.              0.              0.
      0.              0.              0.              0.              0.
      0.              0.              0.              0.              0.
      0.              0.              0.              0.              0.
      0.              0.           7644.00774502      0.              0.
      0.              0.              0.              0.              0.
      0.              0.              0.              0.              0.
   3398.41205174      0.              0.              0.              0.
      0.              0.           3465.35481007      0.              0.
      0.              0.              0.              0.              0.
      0.              0.              0.              0.              0.
      0.              0.              0.              0.              0.
      0.              0.              0.              0.              0.
      0.              0.              0.           3381.43400935      0.
      0.              0.              0.              0.              0.
      0.           3359.89352503      0.              0.              0.
      0.              0.              0.              0.              0.
      0.              0.              0.           3424.77005135      0.
      0.              0.              0.              0.              0.
      0.              0.              0.              0.              0.
      0.          11987.90749781      0.              0.              0.
      0.              0.              0.              0.           3432.29270426
      0.              0.              0.              0.              0.
   3428.69966072   7625.95027579      0.              0.              0.
      0.              0.              0.              0.              0.
      0.              0.              0.              0.              0.
      0.              0.              0.              0.              0.
      0.              0.              0.              0.              0.
      0.              0.              0.              0.              0.
      0.              0.              0.              0.              0.
      0.              0.              0.              0.              0.
      0.              0.              0.           3370.0774694       0.
      0.              0.              0.              0.              0.
      0.              0.              0.              0.           3310.5281889
      0.              0.              0.              0.              0.
      0.              0.              0.           3336.0896172       0.        ][   0.            0.            0.            0.            0.            0.
    0.            0.            0.            0.            0.            0.
    0.            0.            0.            0.            0.            0.
    0.            0.            0.            0.            0.            0.
    0.            0.            0.            0.            0.            0.
    0.            0.            0.            0.            0.            0.
    0.            0.            0.            0.            0.            0.
    0.            0.            0.            0.            0.            0.
    0.            0.            0.            0.            0.            0.
    0.            0.            0.            0.            0.            0.
    0.            0.            0.            0.            0.            0.
    0.            0.            0.            0.            0.            0.
    0.            0.            0.            0.            0.            0.
    0.            0.            0.            0.            0.            0.
    0.            0.            0.            0.            0.            0.
    0.            0.            0.            0.            0.            0.
    0.            0.            0.            0.            0.            0.
    0.            0.            0.            0.            0.            0.
    0.            0.            0.            0.            0.            0.
    0.            0.            0.            0.            0.            0.
    0.            0.            0.            0.            0.            0.
    0.            0.            0.            0.            0.            0.
    0.            0.            0.            0.            0.            0.
    0.            0.            0.            0.            0.            0.
    0.            0.            0.            0.            0.            0.
    0.            0.            0.            0.            0.            0.
    0.            0.            0.            0.            0.            0.
    0.            0.            0.            0.            0.            0.
    0.            0.            0.            0.            0.            0.
    0.            0.            0.            0.            0.            0.
    0.            0.            0.            0.            0.            0.
    0.            0.            0.            0.            0.            0.
    0.            0.            0.            0.            0.            0.
    0.            0.            0.            0.            0.            0.
    0.            0.            0.            0.            0.            0.
    0.            0.            0.            0.            0.            0.
    0.            0.            0.            0.            0.            0.
    0.            0.            0.            0.            0.            0.
    0.            0.            0.            0.            0.            0.
    0.            0.            0.            0.            0.            0.
    0.            0.            0.            0.            0.            0.
    0.            0.            0.            0.            0.            0.
    0.            0.            0.            0.            0.            0.
    0.            0.            0.            0.            0.            0.
    0.            0.            0.            0.            0.            0.
    0.            0.            0.            0.            0.            0.
    0.            0.            0.            0.            0.            0.
    0.            0.            0.            0.            0.            0.
    0.            0.            0.            0.            0.            0.
    0.            0.            0.            0.            0.            0.
    0.            0.            0.            0.            0.            0.
    0.            0.            0.            0.            0.            0.
    0.            0.            0.            0.            0.            0.
    0.            0.            0.            0.            0.            0.
    0.            0.            0.            0.            0.            0.
    0.            0.            0.            0.            0.            0.
    0.            0.            0.            0.            0.            0.
  421.48308731    0.            0.            0.            0.            0.
    0.            0.            0.            0.            0.            0.
    0.            0.            0.            0.            0.            0.
    0.            0.            0.            0.            0.            0.
    0.            0.            0.            0.            0.            0.
    0.            0.            0.            0.            0.            0.
    0.            0.            0.            0.            0.            0.
    0.            0.            0.            0.            0.            0.
    0.            0.            0.            0.            0.            0.
    0.            0.            0.            0.            0.            0.
    0.            0.            0.            0.            0.            0.
    0.            0.            0.            0.            0.            0.
    0.            0.            0.            0.            0.            0.
    0.            0.            0.            0.            0.            0.
    0.            0.            0.            0.            0.            0.
    0.            0.            0.            0.            0.            0.
    0.            0.            0.            0.            0.            0.
    0.            0.            0.            0.            0.            0.
    0.            0.            0.            0.          444.87831851
    0.            0.            0.            0.            0.            0.
    0.            0.            0.            0.            0.            0.
    0.            0.            0.            0.            0.            0.
    0.            0.            0.            0.            0.            0.
    0.            0.            0.            0.            0.            0.
    0.            0.            0.            0.            0.            0.
    0.            0.            0.            0.            0.            0.
    0.            0.            0.            0.            0.            0.
    0.            0.            0.            0.            0.            0.
    0.            0.            0.            0.            0.            0.
    0.            0.            0.            0.            0.            0.
    0.            0.            0.            0.            0.            0.
    0.            0.            0.            0.            0.            0.
    0.            0.            0.            0.            0.            0.
    0.            0.            0.            0.            0.            0.
    0.            0.            0.            0.            0.            0.
    0.            0.            0.            0.            0.            0.
    0.            0.            0.            0.            0.            0.
    0.            0.            0.            0.            0.            0.
    0.            0.            0.            0.            0.            0.
    0.          441.49716911    0.            0.            0.            0.
    0.            0.            0.            0.            0.            0.
    0.            0.            0.            0.            0.            0.
    0.            0.            0.            0.            0.            0.
    0.            0.            0.            0.            0.            0.
    0.            0.            0.            0.            0.            0.
    0.            0.            0.            0.            0.            0.
    0.            0.            0.            0.            0.            0.
    0.            0.            0.            0.            0.            0.
    0.            0.            0.            0.            0.            0.
    0.            0.            0.            0.            0.            0.
    0.            0.            0.            0.            0.            0.
    0.            0.            0.            0.            0.            0.
    0.            0.            0.            0.            0.            0.
    0.            0.            0.            0.            0.            0.
    0.            0.            0.            0.            0.            0.
    0.            0.            0.            0.            0.            0.
    0.            0.            0.            0.            0.            0.
    0.            0.            0.            0.            0.            0.
    0.            0.            0.            0.            0.            0.
    0.            0.            0.            0.            0.            0.
    0.            0.            0.            0.            0.            0.
    0.            0.            0.            0.            0.            0.
    0.            0.            0.            0.            0.            0.
    0.            0.            0.            0.            0.            0.
    0.            0.            0.            0.            0.            0.
    0.            0.            0.            0.            0.            0.
    0.            0.          444.79742208    0.            0.            0.
    0.            0.            0.            0.            0.            0.
    0.            0.            0.            0.            0.            0.
    0.            0.            0.            0.            0.            0.
    0.            0.            0.            0.            0.            0.
    0.            0.            0.            0.            0.            0.
    0.            0.            0.            0.            0.            0.
    0.            0.            0.            0.            0.            0.
    0.            0.            0.            0.            0.            0.
    0.            0.            0.            0.            0.            0.
    0.            0.            0.            0.            0.            0.
    0.            0.            0.            0.            0.            0.
    0.            0.            0.            0.            0.            0.
    0.            0.            0.            0.            0.            0.
    0.            0.            0.            0.            0.            0.
    0.            0.            0.            0.            0.            0.
    0.            0.            0.            0.            0.            0.
    0.            0.            0.            0.            0.            0.
    0.            0.            0.            0.            0.            0.
    0.            0.            0.            0.            0.            0.
    0.            0.            0.            0.            0.            0.
    0.            0.            0.            0.            0.            0.
    0.            0.            0.            0.            0.            0.
    0.            0.            0.            0.            0.            0.
    0.            0.            0.            0.            0.            0.
    0.            0.            0.            0.            0.            0.
    0.            0.            0.            0.            0.            0.
    0.            0.            0.            0.            0.            0.
    0.            0.            0.            0.            0.            0.
    0.            0.            0.            0.            0.            0.
    0.            0.            0.            0.            0.            0.
    0.            0.            0.            0.            0.            0.
    0.            0.            0.            0.            0.            0.
    0.            0.            0.            0.            0.            0.
    0.            0.            0.            0.            0.            0.
    0.            0.            0.            0.            0.            0.
    0.            0.            0.            0.            0.            0.
    0.            0.            0.            0.            0.            0.
    0.            0.            0.            0.            0.            0.
    0.            0.            0.            0.            0.            0.
    0.            0.            0.            0.            0.            0.
    0.            0.            0.            0.            0.            0.
    0.            0.            0.            0.            0.            0.
    0.          439.73593814    0.            0.            0.        ]